530
400
680
569
445
235
0
565
422
777
568
423
543
0
530
400
680
569
445
235
0
565
422
777
568
423
543
0
530
400
680
569
445
235
0
565
422
777
568
423
543
0
530
400
680
569
445
235
0
565
422
777
568
423
543
0
530
400
680
569
445
235
0
565
422
777
568
423
543
0
530
400
680
569
445
235
0
565
422
777
568
423
543
0
530
400
680
569
445
235
0
565
422
777
568
423
543
0
530
400
680
569
445
235
0
565
422
777
568
423
543
0
530
400
680
569
445
235
0
565
422
777
568
423
543
0
530
400
680
569
445
235
0
565
422
777
568
423
543
0
0
560
235
490
565
422
777
0
530
400
680
569
445
235
0
565
422
777
568
423
543
0
530
400
680
569
445
235
0
565
422
777
568
423
543
0
530
400
680
569
445
2090
0
565
422
777
568
423
543
0
530
400
680
569
445
235
0
565
422
777
568
423
543
0
530
400
680
569
445
235
0
565
422
777
568
423
21
0
569
789
235
490
530
400
680
569
445
235
0
565
422
777
568
423
543
0
530
400
680
569
445
235
0
565
50
777
568
423
543
0
530
400
680
569
445
235
0
565
422
777
568
423
543
0
530
400
680
569
445
235
0
565
422
777
568
423
543
0
530
400
680
569
445
235
0
565
422
777
568
423
543
0
530
400
680
569
445
235
0
565
422
777
568
423
543
0
530
400
1200
569
445
235
0
565
422
777
568
423
543
0
530
400
680
569
445
235
0
565
422
777
568
423
543
0
530
400
680
569
445
235
0
565
422
777
568
423
543
0
530
400
680
569
445
235
0
565
422
777
568
423
543
0
786
0
0



